11140000
10960000
10820000
10660000
10510000
10360000
10200000
10050000
9890000
9740000
9590000
9420000
9270000
9110000
8960000
8810000
8640000
8490000
8330000
8150000
7980000
7820000
7640000
7470000
7300000
7130000
6950000
6780000
6600000
6440000
1840000
1660000
1500000
1340000
1160000
990000
820000
650000
610000
1090000
1590000
2090000
2580000
3050000
3550000
4040000
4530000
5020000
5520000
6010000
6490000
6980000
7480000
7970000
8460000
8960000
9450000
9930000
10430000
10900000
11370000
11840000
12300000
12760000
13200000
13630000
14060000
14490000
14900000
15310000
15720000
16100000
16490000
16860000
17230000
17580000
17940000
18280000
18620000
18950000
19270000
19580000
19890000
20180000
20470000
20750000
21020000
21290000
21560000
21810000
22060000
22300000
22540000
22760000
22980000
23200000
23410000
23610000
23810000
23990000
24180000
24350000
24510000
24670000
24830000
24970000
25110000
25250000
25380000
25510000
25620000
25740000
25860000
25960000
26070000
26160000
26250000
26350000
26440000
26530000
26620000
26680000
26770000
26850000
26920000
26990000
27060000
27120000
27190000
27240000
27310000
27370000
27430000
27490000
27540000
27590000
27640000
27700000
27750000
27790000
27840000
27990000
27990000
27990000
27990000
27990000
27990000
27990000
27990000
27990000
27990000
27990000
27990000
27990000
27990000
27990000
27990000
27990000
27990000
27990000
27990000
27990000
27990000
27990000
27990000
27990000
27990000
27990000
27990000
27990000
27990000
27990000
27990000
27990000
27990000
27990000
27990000
27990000
27990000
27990000
27990000
27990000
27990000
27990000
27990000
27990000
27990000
27990000
27990000
27990000
27990000
27990000
27990000
27990000
27990000
27990000
27990000
27990000
27990000
27990000
27990000
27990000
27990000
27990000
27990000
27990000
27990000
27990000
27990000
27990000
27990000
27990000
27990000
27990000
27990000
27990000
27990000
27990000
27990000
27990000
27990000
27990000
27990000
27990000
27990000
27990000
27990000
27990000
27990000
27990000
27990000
27990000
27990000
27990000
27990000
27990000
27990000
27990000
27990000
27990000
27990000
27990000
27990000
27990000
27990000
27990000
27990000
27990000
27990000
27990000
27990000
27990000
27990000
27990000
27990000
27990000
27990000
27990000
27990000
27990000
27990000
27990000
27990000
27990000
27990000
27990000
27990000
27990000
27990000
27990000
27990000
27990000
27990000
27990000
27990000
27990000
27990000
27990000
27990000
27990000
27990000
27990000
27990000
27990000
27990000
27990000
27990000
27990000
27990000
27990000
27990000
27990000
27990000
27990000
27990000
27990000
27990000
27990000
27990000
27990000
27990000
27990000
27990000
27990000
27990000
27990000
27990000
27990000
27990000
27990000
27990000
27990000
27990000
27990000
27990000
27990000
27990000
27990000
27450000
27440000
27360000
27280000
27210000
27130000
27060000
26980000
26910000
26520000
26440000
26360000
26280000
26210000
26130000
26040000
25960000
25880000
25810000
25730000
25660000
25580000
25430000
25410000
25330000
25250000
25170000
24980000
24830000
24750000
24670000
24590000
24380000
24190000
24070000
23980000
23900000
23830000
23750000
23670000
23580000
23500000
23420000
23350000
23270000
23190000
23060000
22940000
22820000
22710000
22610000
22500000
22400000
22280000
22160000
22070000
21980000
21870000
21780000
21670000
21570000
21460000
21370000
21280000
21170000
21080000
20990000
20870000
20730000
20650000
20570000
20480000
20400000
20320000
20240000
20160000
20080000
19990000
19910000
19830000
19730000
19630000
19530000
19420000
19310000
19210000
19120000
18970000
18860000
18760000
18670000
18560000
18460000
18360000
18260000
18150000
18060000
17960000
17860000
17770000
17680000
17560000
17470000
17360000
17270000
17160000
17060000
16950000
16850000
16740000
16650000
16530000
16430000
16300000
16170000
16070000
15960000
15850000
15740000
15640000
15520000
15410000
15310000
15200000
15100000
14990000
14890000
14790000
14670000
14580000
14460000
14350000
14250000
14130000
14030000
13920000
13790000
13680000
13560000
13460000
13350000
13260000
13150000
13040000
12930000
12830000
12730000
12570000
12450000
12350000
12240000
12140000
12020000
11920000
11810000
11700000
11590000
11490000
11380000
11270000
11160000
11060000
10950000
10850000
10740000
10640000
10530000
10430000
10320000
10220000
10110000
9990000
9890000
9790000
9680000
9580000
9470000
9350000
9250000
9140000
9040000
8930000
8830000
8720000
8610000
8500000
8400000
8290000
8190000
8070000
7970000
7850000
7750000
7640000
7520000
7420000
7310000
7200000
7090000
6980000
6870000
7050000
7540000
8040000
8530000
9020000
9510000
10010000
10500000
10990000
11480000
11960000
12450000
12940000
13440000
13920000
14070000
13990000
13900000
13820000
13720000
13630000
13540000
13460000
13350000
13260000
13170000
13070000
12970000
12890000
12790000
12710000
12620000
12500000
12410000
12330000
12230000
12140000
12060000
11960000
11870000
11790000
11710000
11620000
11520000
11440000
11360000
11280000
11180000
11100000
11010000
10930000
10830000
10750000
10660000
10580000
10470000
10380000
10270000
10170000
10080000
9980000
9900000
9810000
9690000
9530000
9370000
9100000
8850000
8540000
8470000
8400000
8320000
8250000
8170000
8060000
7840000
7620000
7410000
7150000
6870000
6600000
6380000
6150000
5920000
5680000
5470000
5240000
5010000
4770000
4950000
5430000
5930000
6410000
6870000
7330000
7790000
8240000
8690000
9130000
9580000
10020000
10440000
10880000
11300000
11710000
12120000
12510000
12910000
13310000
13680000
14050000
14420000
14790000
15130000
15480000
15820000
16160000
16490000
16810000
17130000
17440000
17750000
18040000
18340000
18620000
18900000
19180000
19440000
19700000
19960000
20200000
20450000
20690000
20930000
21160000
21380000
21590000
21800000
22010000
22210000
22410000
22590000
22780000
22970000
23140000
23320000
23480000
23640000
23810000
23960000
24110000
24260000
24400000
24540000
24680000
24810000
24940000
25060000
25180000
25300000
25410000
25520000
25620000
25730000
25830000
25930000
26020000
26110000
26210000
26290000
26370000
26450000
26530000
26600000
26670000
26750000
26810000
26880000
26950000
27020000
27080000
27140000
27200000
27260000
27310000
27370000
27430000
27480000
27540000
27580000
27640000
27690000
27730000
27780000
27830000
27990000
27990000
27990000
27990000
27990000
27990000
27990000
27990000
27990000
27990000
27990000
27990000
27990000
27990000
27990000
27990000
27990000
27990000
27990000
27990000
27990000
27990000
27990000
27990000
27990000
27990000
27990000
27990000
27990000
27990000
27990000
27990000
27990000
27990000
27990000
27990000
27990000
27990000
27990000
27990000
27990000
27990000
27990000
27990000
27990000
27990000
27990000
27990000
27990000
27990000
27990000
27990000
27990000
27990000
27990000
27990000
27990000
27990000
27990000
27990000
27990000
27990000
27990000
27990000
27990000
27990000
27990000
27990000
27990000
27990000
27990000
27990000
27990000
27990000
27990000
27990000
27990000
27990000
27990000
27990000
27990000
27990000
27990000
27990000
27990000
27990000
27990000
27990000
27990000
27990000
27990000
27990000
27990000
27990000
27990000
27990000
27990000
27990000
27990000
27990000
27990000
27990000
27990000
27990000
27990000
27990000
27990000
27990000
27990000
27990000
27990000
27990000
27990000
27990000
27990000
27990000
27990000
27990000
27990000
27990000
27990000
27990000
27990000
27990000
27990000
27990000
27990000
27990000
27990000
27990000
27990000
27990000
27990000
27990000
27990000
27990000
27990000
27990000
27990000
27990000
27990000
27990000
27990000
27990000
27990000
27990000
27990000
27990000
27990000
27990000
27990000
27990000
27990000
27990000
27990000
27990000
27990000
27990000
27990000
27990000
27990000
27990000
27990000
27990000
27990000
27990000
27990000
27990000
27990000
27990000
27990000
27990000
27990000
27990000
27990000
27990000
27990000
27990000
27990000
27990000
27990000
27990000
27990000
27990000
27990000
27990000
27990000
27990000
27990000
27990000
27990000
27990000
27990000
27990000
27990000
27990000
27990000
27990000
27990000
27990000
27990000
27990000
27990000
27990000
27990000
27990000
27990000
27990000
27990000
27990000
27990000
27990000
27990000
27990000
27990000
27990000
27990000
27990000
27990000
27990000
27990000
27990000
27990000
27990000
27990000
27990000
27990000
27990000
27990000
27990000
27990000
27990000
27990000
27990000
27990000
27990000
27990000
27990000
27990000
27990000
27990000
27990000
27990000
27990000
27990000
27990000
27990000
27990000
27990000
27990000
27990000
27990000
27990000
27990000
27990000
27990000
27990000
27990000
27990000
27990000
27990000
27990000
27990000
27990000
27990000
27990000
27990000
27990000
27990000
27990000
27990000
27990000
27990000
27990000
27990000
27990000
27990000
27990000
27990000
27990000
27990000
27990000
27990000
27990000
27990000
27990000
27990000
27990000
27990000
27990000
27990000
27990000
27990000
27990000
27990000
27990000
27990000
27990000
27990000
27990000
27990000
27990000
27990000
27990000
27990000
27990000
27990000
27990000
27990000
27990000
27990000
27990000
27990000
27990000
27990000
27990000
27990000
27990000
27990000
27990000
27990000
27990000
27990000
27990000
27990000
27990000
27990000
27990000
27990000
27990000
27990000
27990000
27990000
27990000
27990000
27990000
27990000
27990000
27990000
27990000
27990000
27990000
27990000
27990000
27990000
27990000
27990000
27990000
27990000
27990000
27990000
27990000
27990000
27990000
27990000
27990000
27990000
27990000
27990000
27990000
27990000
27990000
27990000
27990000
27990000
27990000
27990000
27990000
27990000
27990000
27990000
27990000
27990000
27990000
27990000
27990000
27990000
27990000
27990000
27990000
27990000
27990000
27990000
27990000
27990000
27990000
27990000
27990000
27990000
27990000
27990000
27990000
27990000
27990000
27990000
27990000
27990000
27990000
27990000
27990000
27990000
27990000
27990000
27990000
27990000
27990000
27990000
27990000
27990000
27990000
27990000
27990000
27990000
27990000
27990000
27990000
27990000
27990000
27990000
27990000
27990000
27990000
27990000
27990000
27990000
27990000
27990000
27990000
27990000
27990000
27990000
27990000
27990000
27990000
27990000
27990000
27990000
27990000
27990000
27990000
27990000
27990000
27990000
27990000
27990000
27990000
27990000
27990000
27990000
27990000
27990000
27990000
27990000
27990000
27990000
27990000
27990000
27990000
27990000
27990000
27990000
27990000
27990000
27990000
27990000
27990000
27990000
27990000
27990000
27990000
27990000
27990000
27990000
27990000
27990000
27990000
27990000
27990000
27990000
27990000
27990000
27990000
27990000
27990000
27990000
27990000
27990000
27990000
27990000
27990000
27990000
27990000
27990000
27990000
27990000
27990000
27990000
27990000
27990000
27990000
27990000
27990000
27990000
27990000
27990000
27990000
27990000
27990000
27990000
27990000
27990000
27990000
27990000
27990000
27990000
27990000
27990000
27990000
27990000
27990000
27990000
27990000
27990000
27990000
27990000
27990000
27990000
27990000
27990000
27990000
27990000
27990000
27990000
27990000
27990000
27990000
27990000
27990000
27990000
27990000
27990000
27990000
27990000
27990000
27990000
27990000
27990000
27990000
27990000
27990000
27990000
27990000
27990000
27990000
27990000
27990000
27990000
27990000
27990000
27990000
27990000
27990000
27990000
27990000
27990000
27990000
27990000
27990000
27990000
27990000
27990000
27990000
27990000
27990000
27990000
27990000
27990000
27990000
27990000
27990000
27990000
27990000
27990000
27990000
27990000
27990000
27990000
27990000
27990000
27990000
27990000
27990000
27990000
27990000
27990000
27990000
27990000
27990000
27990000
27990000
27990000
27990000
27990000
27990000
27990000
27990000
27990000
27990000
27990000
27990000
27990000
27990000
27990000
27990000
27990000
27990000
27990000
27990000
27990000
27990000
27990000
27990000
27990000
27990000
27990000
27990000
27990000
27990000
27990000
27990000
27990000
27990000
27990000
27990000
27990000
27990000
27990000
27990000
27990000
27990000
27990000
27990000
27990000
27990000
27990000
27990000
27990000
27990000
27990000
27990000
27990000
27990000
27990000
27990000
27990000
27990000
27990000
27990000
27990000
27820000
27640000
27480000
27300000
27140000
26960000
26790000
26530000
26460000
26380000
26280000
26170000
26060000
25960000
25870000
25780000
25680000
25550000
25380000
25290000
25190000
25100000
25010000
24940000
24890000
24830000
24790000
24740000
24680000
24630000
24580000
24460000
24370000
24260000
24170000
24070000
23980000
23890000
23770000
23630000
23540000
23430000
23320000
23110000
22900000
22700000
22490000
22230000
22030000
21820000
21630000
21430000
21230000
21030000
20820000
20480000
20380000
20260000
20120000
19980000
19460000
19340000
19190000
19060000
18960000
18850000
18760000
18650000
18540000
18320000
18030000
17760000
17540000
17290000
17050000
16800000
16550000
16300000
16060000
15810000
15550000
15310000
15060000
14830000
14590000
14330000
14090000
13830000
13580000
13330000
13080000
12830000
12580000
12340000
12090000
11840000
11590000
11350000
11110000
10870000
10640000
10400000
10170000
9940000
9680000
9440000
9180000
8920000
8680000
8420000
8170000
7920000
7660000
7410000
7160000
6920000
6660000
6420000
6160000
5900000
5650000
5430000
5310000
5190000
5090000
4980000
4870000
4950000
5450000
5950000
6430000
6920000
7410000
7910000
8390000
8890000
9380000
9880000
10360000
10860000
11350000
11840000
12330000
12830000
13320000
13790000
14270000
14740000
15190000
15620000
16060000
16460000
16870000
17270000
17650000
18030000
18390000
18750000
19100000
19440000
19760000
20090000
20390000
20690000
20990000
21280000
21560000
21820000
22080000
22340000
22590000
22830000
23060000
23280000
23500000
23720000
23920000
24130000
24320000
24510000
24690000
24870000
25040000
25200000
25370000
25520000
25660000
25810000
25950000
26080000
26210000
26340000
26450000
26570000
26680000
26790000
26890000
27000000
27090000
27190000
27280000
27370000
27450000
27540000
27620000
27700000
27770000
27990000
27990000
27990000
27990000
27990000
27990000
27990000
27990000
27990000
27990000
27990000
27990000
27990000
27990000
27990000
27990000
27990000
27990000
27990000
27990000
27990000
27990000
27990000
27990000
27990000
27990000
27990000
27990000
27990000
27990000
27990000
27990000
27990000
27990000
27990000
27990000
27990000
27990000
27990000
27990000
27990000
27990000
27990000
27990000
27990000
27990000
27990000
27990000
27990000
27990000
27990000
27990000
27990000
27990000
27990000
27990000
27990000
27990000
27990000
27990000
27990000
27990000
27990000
27990000
27990000
27990000
27990000
27990000
27990000
27990000
27990000
27990000
27990000
27990000
27990000
27990000
27990000
27990000
27990000
27990000
27990000
27990000
27990000
27990000
27990000
27990000
27990000
27990000
27990000
27990000
27990000
27990000
27990000
27990000
27990000
27990000
27990000
27990000
27990000
27990000
27990000
27990000
27990000
27990000
27990000
27990000
27990000
27990000
27990000
27990000
27990000
27990000
27990000
27990000
27990000
27990000
27990000
27990000
27990000
27990000
27990000
27990000
27990000
27990000
27990000
27990000
27990000
27990000
27990000
27990000
27990000
27990000
27990000
27990000
27990000
27990000
27990000
27990000
27990000
27990000
27990000
27990000
27990000
27990000
27990000
27990000
27990000
27990000
27990000
27990000
27990000
27990000
27990000
27990000
27990000
27990000
27990000
27990000
27990000
27990000
27990000
27990000
27990000
27990000
